 1111                                                                                                                                                                                                              
2    3                                                                                                                                                                                                             
2    3                                                                                                                                                                                                             
 4444                                                                                                                                                                                                              
5    6                                                                                                                                                                                                             
5    6                                                                                                                                                                                                             
 7777 

1 ->     3,    6
4 ->   2,3,4,  6
7 -> 1,  3,    6
8 -> 1,2,3,4,5,6,7

1 ->     3,    6
2 -> 1,  3,4,5,  7 
3 -> 1,  3,4,  6,7
4 ->   2,3,4,  6
5 -> 1,2,  4,  6,7
6 -> 1,2,  4,5,6,7
7 -> 1,  3,    6
8 -> 1,2,3,4,5,6,7

